slot 4:
DSC2_ALLCH_THR     76  76  72  44  69  60 115 103  93  84  96  84  65  60  77  80
slot 5:
DSC2_ALLCH_THR     85  83  71  77  73  78  73 999  73  82  77  81  80  85  75  76
slot 6:
DSC2_ALLCH_THR     81  78  75  69  60  64  79  65  71  81  67  66  69  65  77  87
slot 7:
DSC2_ALLCH_THR     76  70  77  84  34  24  29  24  31  35  25  31  30  29  36  38
slot 8:
DSC2_ALLCH_THR     33  32  31  32  35  36  40  35  30  33  36  46  33  45  38  37
slot 9:
DSC2_ALLCH_THR     38  41  27  35  25  35  37  37  61  58  33  58  75  33  40  35
slot 10:
DSC2_ALLCH_THR     39  39  37  25  33  39  37  41  43  33  38  40  32  35  42  48
slot 11:
DSC2_ALLCH_THR     43  33  64  67  33  45  29  41  12  13  79 999 999 999 999 999
