FADC250_SLOTS  3
FADC250_ALLCH_THR    252  252  244  188  238  220  330  306  286  268  292  268  230  220  254  260
FADC250_SLOTS  4
FADC250_ALLCH_THR    270  266  242  254  246  256  246  258  246  264  254  262  260  270  250  252
FADC250_SLOTS  5
FADC250_ALLCH_THR    262  256  250  238  220  228  258  230  242  262  234  232  238  230  254  274
FADC250_SLOTS  6
FADC250_ALLCH_THR    252  240  254  268  168  148  158  148  162  170  150  162  160  158  172  176
FADC250_SLOTS  7
FADC250_ALLCH_THR    166  164  162  164  170  172  180  170  160  166  172  192  166  190  176  174
FADC250_SLOTS  8
FADC250_ALLCH_THR    176  182  154  170  150  170  174  174  222  216  166  216  250  166  180  170
FADC250_SLOTS  9
FADC250_ALLCH_THR    178  178  174  150  166  178  174  182  186  166  176  180  164  170  184  196
FADC250_SLOTS  10
FADC250_ALLCH_THR    186  166  228  234  166  190  158  182  124  126  999  999  999  999  999  999
